inconsistent 70%
Tree Metrics:
	Accuracy: 0.9957386363636364
	Precision: 0.9824561403508771
	Recall: 0.9911504424778761
	F1 Score: 0.986784140969163
	AUC: 0.9935462617732057
Tree Clean Metrics:
	Accuracy: 0.96875
	Precision: 0.8421052631578947
	Recall: 0.9911504424778761
	F1 Score: 0.9105691056910569
	AUC: 0.9778087237770091
Deep Neural Network Metrics:
	Accuracy: 0.890625
	Precision: 0.6636363636363637
	Recall: 0.6460176991150443
	F1 Score: 0.6547085201793722
	AUC: 0.89106509141548
