inconsistent 90%
Tree Metrics:
	Accuracy: 0.953125
	Precision: 0.7857142857142857
	Recall: 0.9734513274336283
	F1 Score: 0.8695652173913043
	AUC: 0.9749412275579113
Tree Clean Metrics:
	Accuracy: 0.9573863636363636
	Precision: 0.8074074074074075
	Recall: 0.9646017699115044
	F1 Score: 0.8790322580645161
	AUC: 0.9736010661395864
Deep Neural Network Metrics:
	Accuracy: 0.8551136363636364
	Precision: 0.5514018691588785
	Recall: 0.5221238938053098
	F1 Score: 0.5363636363636364
	AUC: 0.8597098063878533
