inconsistent 50%
Tree Metrics:
	Accuracy: 0.984375
	Precision: 0.9180327868852459
	Recall: 0.9911504424778761
	F1 Score: 0.9531914893617022
	AUC: 0.9923109174490514
Tree Clean Metrics:
	Accuracy: 0.9857954545454546
	Precision: 0.9327731092436975
	Recall: 0.9823008849557522
	F1 Score: 0.9568965517241379
	AUC: 0.9843822529685698
Deep Neural Network Metrics:
	Accuracy: 0.8963068181818182
	Precision: 0.7272727272727273
	Recall: 0.5663716814159292
	F1 Score: 0.6368159203980099
	AUC: 0.8951679319587321
