inconsistent 50%
Tree Metrics:
	Accuracy: 0.9673295454545454
	Precision: 0.95
	Recall: 0.8407079646017699
	F1 Score: 0.892018779342723
	AUC: 0.917276851893446
Tree Clean Metrics:
	Accuracy: 0.9772727272727273
	Precision: 0.944954128440367
	Recall: 0.911504424778761
	F1 Score: 0.9279279279279279
	AUC: 0.9510204692811045
Deep Neural Network Metrics:
	Accuracy: 0.16051136363636365
	Precision: 0.16051136363636365
	Recall: 1.0
	F1 Score: 0.2766217870257038
	AUC: 0.5
