inconsistent 40%
Tree Metrics:
	Accuracy: 0.9957386363636364
	Precision: 0.9741379310344828
	Recall: 1.0
	F1 Score: 0.9868995633187773
	AUC: 0.9982780048814818
Tree Clean Metrics:
	Accuracy: 0.9872159090909091
	Precision: 0.940677966101695
	Recall: 0.9823008849557522
	F1 Score: 0.961038961038961
	AUC: 0.99621161073926
Deep Neural Network Metrics:
	Accuracy: 0.9034090909090909
	Precision: 0.6956521739130435
	Recall: 0.7079646017699115
	F1 Score: 0.7017543859649122
	AUC: 0.9090936316128356
