inconsistent 60%
Tree Metrics:
	Accuracy: 0.9971590909090909
	Precision: 1.0
	Recall: 0.9823008849557522
	F1 Score: 0.9910714285714286
	AUC: 0.9983528742344608
Tree Clean Metrics:
	Accuracy: 0.9744318181818182
	Precision: 0.8740157480314961
	Recall: 0.9823008849557522
	F1 Score: 0.925
	AUC: 0.9843373313567824
Deep Neural Network Metrics:
	Accuracy: 0.890625
	Precision: 0.6730769230769231
	Recall: 0.6194690265486725
	F1 Score: 0.6451612903225806
	AUC: 0.8865729302367369
