inconsistent 20%
Tree Metrics:
	Accuracy: 0.9957386363636364
	Precision: 0.9910714285714286
	Recall: 0.9823008849557522
	F1 Score: 0.9866666666666667
	AUC: 0.9998502612940419
Tree Clean Metrics:
	Accuracy: 0.9900568181818182
	Precision: 0.9568965517241379
	Recall: 0.9823008849557522
	F1 Score: 0.9694323144104804
	AUC: 0.9997753919410628
Deep Neural Network Metrics:
	Accuracy: 0.9190340909090909
	Precision: 0.7692307692307693
	Recall: 0.7079646017699115
	F1 Score: 0.7373271889400922
	AUC: 0.8786817004327448
