inconsistent 30%
Tree Metrics:
	Accuracy: 0.9971590909090909
	Precision: 0.9826086956521739
	Recall: 1.0
	F1 Score: 0.9912280701754386
	AUC: 0.9999700522588083
Tree Clean Metrics:
	Accuracy: 0.9985795454545454
	Precision: 0.9912280701754386
	Recall: 1.0
	F1 Score: 0.9955947136563876
	AUC: 0.9991390024407409
Deep Neural Network Metrics:
	Accuracy: 0.9105113636363636
	Precision: 0.7659574468085106
	Recall: 0.6371681415929203
	F1 Score: 0.6956521739130435
	AUC: 0.9229444619139602
