inconsistent 80%
Tree Metrics:
	Accuracy: 0.9772727272727273
	Precision: 0.888
	Recall: 0.9823008849557522
	F1 Score: 0.9327731092436975
	AUC: 0.9957024991390024
Tree Clean Metrics:
	Accuracy: 0.9857954545454546
	Precision: 0.9327731092436975
	Recall: 0.9823008849557522
	F1 Score: 0.9568965517241379
	AUC: 0.9986224039051855
Deep Neural Network Metrics:
	Accuracy: 0.875
	Precision: 0.6470588235294118
	Recall: 0.48672566371681414
	F1 Score: 0.5555555555555556
	AUC: 0.8814069448811824
