inconsistent 10%
Tree Metrics:
	Accuracy: 0.9943181818181818
	Precision: 0.9823008849557522
	Recall: 0.9823008849557522
	F1 Score: 0.9823008849557522
	AUC: 0.995410508662384
Tree Clean Metrics:
	Accuracy: 0.9928977272727273
	Precision: 0.9736842105263158
	Recall: 0.9823008849557522
	F1 Score: 0.9779735682819384
	AUC: 0.9995957054939131
Deep Neural Network Metrics:
	Accuracy: 0.9417613636363636
	Precision: 0.8214285714285714
	Recall: 0.8141592920353983
	F1 Score: 0.8177777777777778
	AUC: 0.8930266684635311
