on 10%
Tree Metrics:
	Accuracy: 0.9786931818181818
	Precision: 0.9537037037037037
	Recall: 0.911504424778761
	F1 Score: 0.9321266968325792
	AUC: 0.9508482697692526
Tree Clean Metrics:
	Accuracy: 0.9786931818181818
	Precision: 0.9537037037037037
	Recall: 0.911504424778761
	F1 Score: 0.9321266968325792
	AUC: 0.9508482697692526
Deep Neural Network Metrics:
	Accuracy: 0.16051136363636365
	Precision: 0.16051136363636365
	Recall: 1.0
	F1 Score: 0.2766217870257038
	AUC: 0.5
