on 10%
Tree Metrics:
	Accuracy: 0.9914772727272727
	Precision: 0.9819819819819819
	Recall: 0.9646017699115044
	F1 Score: 0.9732142857142857
	AUC: 0.9891289699474417
Tree Clean Metrics:
	Accuracy: 0.9943181818181818
	Precision: 0.9658119658119658
	Recall: 1.0
	F1 Score: 0.9826086956521739
	AUC: 0.9990566461524639
Deep Neural Network Metrics:
	Accuracy: 0.9417613636363636
	Precision: 0.839622641509434
	Recall: 0.7876106194690266
	F1 Score: 0.8127853881278538
	AUC: 0.8928320081457856
