on 20%
Tree Metrics:
	Accuracy: 0.9872159090909091
	Precision: 0.9262295081967213
	Recall: 1.0
	F1 Score: 0.9617021276595744
	AUC: 0.9989593159935911
Tree Clean Metrics:
	Accuracy: 0.9886363636363636
	Precision: 0.9338842975206612
	Recall: 1.0
	F1 Score: 0.9658119658119658
	AUC: 0.999767905005765
Deep Neural Network Metrics:
	Accuracy: 0.9232954545454546
	Precision: 0.7657657657657657
	Recall: 0.7522123893805309
	F1 Score: 0.7589285714285714
	AUC: 0.8816914484225027
