on 30%
Tree Metrics:
	Accuracy: 0.9914772727272727
	Precision: 0.9652173913043478
	Recall: 0.9823008849557522
	F1 Score: 0.9736842105263158
	AUC: 0.9981881616579069
Tree Clean Metrics:
	Accuracy: 0.984375
	Precision: 0.925
	Recall: 0.9823008849557522
	F1 Score: 0.9527896995708155
	AUC: 0.9891439438180375
Deep Neural Network Metrics:
	Accuracy: 0.9161931818181818
	Precision: 0.7547169811320755
	Recall: 0.7079646017699115
	F1 Score: 0.730593607305936
	AUC: 0.9081802255064912
