on 40%
Tree Metrics:
	Accuracy: 0.9914772727272727
	Precision: 0.9652173913043478
	Recall: 0.9823008849557522
	F1 Score: 0.9736842105263158
	AUC: 0.9996406271057006
Tree Clean Metrics:
	Accuracy: 0.9872159090909091
	Precision: 0.940677966101695
	Recall: 0.9823008849557522
	F1 Score: 0.961038961038961
	AUC: 0.9970351736220295
Deep Neural Network Metrics:
	Accuracy: 0.921875
	Precision: 0.75
	Recall: 0.7699115044247787
	F1 Score: 0.759825327510917
	AUC: 0.9245017444559244
