on 50%
Tree Metrics:
	Accuracy: 0.9872159090909091
	Precision: 0.9262295081967213
	Recall: 1.0
	F1 Score: 0.9617021276595744
	AUC: 0.998098318434332
Tree Clean Metrics:
	Accuracy: 0.9829545454545454
	Precision: 0.9173553719008265
	Recall: 0.9823008849557522
	F1 Score: 0.9487179487179487
	AUC: 0.9940628603087612
Deep Neural Network Metrics:
	Accuracy: 0.9005681818181818
	Precision: 0.6592592592592592
	Recall: 0.7876106194690266
	F1 Score: 0.717741935483871
	AUC: 0.9059491187877154
