on 60%
Tree Metrics:
	Accuracy: 0.9872159090909091
	Precision: 0.940677966101695
	Recall: 0.9823008849557522
	F1 Score: 0.961038961038961
	AUC: 0.9996406271057006
Tree Clean Metrics:
	Accuracy: 0.9872159090909091
	Precision: 0.940677966101695
	Recall: 0.9823008849557522
	F1 Score: 0.961038961038961
	AUC: 0.9995657577527215
Deep Neural Network Metrics:
	Accuracy: 0.8821022727272727
	Precision: 0.6470588235294118
	Recall: 0.584070796460177
	F1 Score: 0.6139534883720931
	AUC: 0.8897024691912613
