on 70%
Tree Metrics:
	Accuracy: 0.9772727272727273
	Precision: 0.888
	Recall: 0.9823008849557522
	F1 Score: 0.9327731092436975
	AUC: 0.9902669841127233
Tree Clean Metrics:
	Accuracy: 0.9772727272727273
	Precision: 0.8818897637795275
	Recall: 0.9911504424778761
	F1 Score: 0.9333333333333333
	AUC: 0.9890016920473772
Deep Neural Network Metrics:
	Accuracy: 0.875
	Precision: 0.6404494382022472
	Recall: 0.504424778761062
	F1 Score: 0.5643564356435643
	AUC: 0.8722878576883338
