on 80%
Tree Metrics:
	Accuracy: 0.9914772727272727
	Precision: 0.9652173913043478
	Recall: 0.9823008849557522
	F1 Score: 0.9736842105263158
	AUC: 0.9880583381998412
Tree Clean Metrics:
	Accuracy: 0.9872159090909091
	Precision: 0.940677966101695
	Recall: 0.9823008849557522
	F1 Score: 0.961038961038961
	AUC: 0.993216836620098
Deep Neural Network Metrics:
	Accuracy: 0.8963068181818182
	Precision: 0.7040816326530612
	Recall: 0.6106194690265486
	F1 Score: 0.6540284360189573
	AUC: 0.8939700223110673
