on 90%
Tree Metrics:
	Accuracy: 0.9630681818181818
	Precision: 0.9578947368421052
	Recall: 0.8053097345132744
	F1 Score: 0.875
	AUC: 0.9488642319153078
Tree Clean Metrics:
	Accuracy: 0.9630681818181818
	Precision: 0.9578947368421052
	Recall: 0.8053097345132744
	F1 Score: 0.875
	AUC: 0.9487893625623286
Deep Neural Network Metrics:
	Accuracy: 0.8394886363636364
	Precision: 0.0
	Recall: 0.0
	F1 Score: 0.0
	AUC: 0.5
