on 90%
Tree Metrics:
	Accuracy: 0.9772727272727273
	Precision: 0.888
	Recall: 0.9823008849557522
	F1 Score: 0.9327731092436975
	AUC: 0.9889942051120794
Tree Clean Metrics:
	Accuracy: 0.9886363636363636
	Precision: 0.9411764705882353
	Recall: 0.9911504424778761
	F1 Score: 0.9655172413793104
	AUC: 0.9946618151325937
Deep Neural Network Metrics:
	Accuracy: 0.8565340909090909
	Precision: 0.59375
	Recall: 0.336283185840708
	F1 Score: 0.4293785310734463
	AUC: 0.8452300735217047
