all 30%
Tree Metrics:
	Accuracy: 0.9928977272727273
	Precision: 0.9736842105263158
	Recall: 0.9823008849557522
	F1 Score: 0.9779735682819384
	AUC: 0.9901996016950422
Tree Clean Metrics:
	Accuracy: 0.9914772727272727
	Precision: 0.9652173913043478
	Recall: 0.9823008849557522
	F1 Score: 0.9736842105263158
	AUC: 0.9989817767994849
Deep Neural Network Metrics:
	Accuracy: 0.8778409090909091
	Precision: 0.6115702479338843
	Recall: 0.6548672566371682
	F1 Score: 0.6324786324786325
	AUC: 0.8533758591258255
