all 90%
Tree Metrics:
	Accuracy: 0.9602272727272727
	Precision: 0.9473684210526315
	Recall: 0.7964601769911505
	F1 Score: 0.8653846153846154
	AUC: 0.9566955662369165
Tree Clean Metrics:
	Accuracy: 0.9602272727272727
	Precision: 0.9473684210526315
	Recall: 0.7964601769911505
	F1 Score: 0.8653846153846154
	AUC: 0.9566955662369165
Deep Neural Network Metrics:
	Accuracy: 0.8394886363636364
	Precision: 0.0
	Recall: 0.0
	F1 Score: 0.0
	AUC: 0.5
