all 60%
Tree Metrics:
	Accuracy: 0.9914772727272727
	Precision: 0.9652173913043478
	Recall: 0.9823008849557522
	F1 Score: 0.9736842105263158
	AUC: 0.9932467843612895
Tree Clean Metrics:
	Accuracy: 0.9744318181818182
	Precision: 0.9439252336448598
	Recall: 0.8938053097345132
	F1 Score: 0.9181818181818182
	AUC: 0.9956426036566192
Deep Neural Network Metrics:
	Accuracy: 0.8735795454545454
	Precision: 0.6875
	Recall: 0.3893805309734513
	F1 Score: 0.4971751412429379
	AUC: 0.8649955827081742
