all 10%
Tree Metrics:
	Accuracy: 0.9801136363636364
	Precision: 0.9380530973451328
	Recall: 0.9380530973451328
	F1 Score: 0.9380530973451328
	AUC: 0.9628947486635822
Tree Clean Metrics:
	Accuracy: 0.9801136363636364
	Precision: 0.9541284403669725
	Recall: 0.9203539823008849
	F1 Score: 0.9369369369369369
	AUC: 0.9643921357231632
Deep Neural Network Metrics:
	Accuracy: 0.8394886363636364
	Precision: 0.0
	Recall: 0.0
	F1 Score: 0.0
	AUC: 0.5
