all 40%
Tree Metrics:
	Accuracy: 0.9644886363636364
	Precision: 0.94
	Recall: 0.831858407079646
	F1 Score: 0.8826291079812206
	AUC: 0.9098348382073281
Tree Clean Metrics:
	Accuracy: 0.9659090909090909
	Precision: 0.9587628865979382
	Recall: 0.8230088495575221
	F1 Score: 0.8857142857142857
	AUC: 0.9491337615860324
Deep Neural Network Metrics:
	Accuracy: 0.16051136363636365
	Precision: 0.16051136363636365
	Recall: 1.0
	F1 Score: 0.2766217870257038
	AUC: 0.5
