all 90%
Tree Metrics:
	Accuracy: 0.9346590909090909
	Precision: 0.7161290322580646
	Recall: 0.9823008849557522
	F1 Score: 0.8283582089552238
	AUC: 0.9869577587110493
Tree Clean Metrics:
	Accuracy: 0.9673295454545454
	Precision: 0.8813559322033898
	Recall: 0.9203539823008849
	F1 Score: 0.9004329004329005
	AUC: 0.9514472245930852
Deep Neural Network Metrics:
	Accuracy: 0.8451704545454546
	Precision: 0.6666666666666666
	Recall: 0.07079646017699115
	F1 Score: 0.128
	AUC: 0.8106554063159787
