all 20%
Tree Metrics:
	Accuracy: 0.9943181818181818
	Precision: 0.9658119658119658
	Recall: 1.0
	F1 Score: 0.9826086956521739
	AUC: 0.9999700522588084
Tree Clean Metrics:
	Accuracy: 0.9914772727272727
	Precision: 0.9495798319327731
	Recall: 1.0
	F1 Score: 0.9741379310344828
	AUC: 0.9998951829058293
Deep Neural Network Metrics:
	Accuracy: 0.9076704545454546
	Precision: 0.7264150943396226
	Recall: 0.6814159292035398
	F1 Score: 0.7031963470319634
	AUC: 0.8679604090861446
