all 60%
Tree Metrics:
	Accuracy: 0.9630681818181818
	Precision: 0.9393939393939394
	Recall: 0.8230088495575221
	F1 Score: 0.8773584905660378
	AUC: 0.9387568692631358
Tree Clean Metrics:
	Accuracy: 0.9474431818181818
	Precision: 0.8392857142857143
	Recall: 0.831858407079646
	F1 Score: 0.8355555555555556
	AUC: 0.9098198643367323
Deep Neural Network Metrics:
	Accuracy: 0.8394886363636364
	Precision: 0.0
	Recall: 0.0
	F1 Score: 0.0
	AUC: 0.5
