all 80%
Tree Metrics:
	Accuracy: 0.9758522727272727
	Precision: 0.9705882352941176
	Recall: 0.8761061946902655
	F1 Score: 0.9209302325581395
	AUC: 0.935515026279143
Tree Clean Metrics:
	Accuracy: 0.984375
	Precision: 0.9811320754716981
	Recall: 0.9203539823008849
	F1 Score: 0.9497716894977168
	AUC: 0.9958522378449606
Deep Neural Network Metrics:
	Accuracy: 0.8409090909090909
	Precision: 1.0
	Recall: 0.008849557522123894
	F1 Score: 0.017543859649122806
	AUC: 0.8418310048964558
