all 40%
Tree Metrics:
	Accuracy: 0.9914772727272727
	Precision: 0.9652173913043478
	Recall: 0.9823008849557522
	F1 Score: 0.9736842105263158
	AUC: 0.9891289699474417
Tree Clean Metrics:
	Accuracy: 0.9957386363636364
	Precision: 0.9910714285714286
	Recall: 0.9823008849557522
	F1 Score: 0.9866666666666667
	AUC: 0.9951634397975533
Deep Neural Network Metrics:
	Accuracy: 0.8835227272727273
	Precision: 0.7123287671232876
	Recall: 0.46017699115044247
	F1 Score: 0.5591397849462365
	AUC: 0.8319931719150083
