all 50%
Tree Metrics:
	Accuracy: 0.9886363636363636
	Precision: 0.9338842975206612
	Recall: 1.0
	F1 Score: 0.9658119658119658
	AUC: 0.9981881616579069
Tree Clean Metrics:
	Accuracy: 0.9673295454545454
	Precision: 0.8308823529411765
	Recall: 1.0
	F1 Score: 0.9076305220883534
	AUC: 0.995350613180001
Deep Neural Network Metrics:
	Accuracy: 0.8607954545454546
	Precision: 0.6229508196721312
	Recall: 0.336283185840708
	F1 Score: 0.4367816091954023
	AUC: 0.8055493164428073
