all 80%
Tree Metrics:
	Accuracy: 0.9857954545454546
	Precision: 0.9327731092436975
	Recall: 0.9823008849557522
	F1 Score: 0.9568965517241379
	AUC: 0.9854379108455744
Tree Clean Metrics:
	Accuracy: 0.9872159090909091
	Precision: 0.940677966101695
	Recall: 0.9823008849557522
	F1 Score: 0.961038961038961
	AUC: 0.9863737777578125
Deep Neural Network Metrics:
	Accuracy: 0.8394886363636364
	Precision: 0.0
	Recall: 0.0
	F1 Score: 0.0
	AUC: 0.5
