all 70%
Tree Metrics:
	Accuracy: 0.9943181818181818
	Precision: 0.9823008849557522
	Recall: 0.9823008849557522
	F1 Score: 0.9823008849557522
	AUC: 0.996765643951305
Tree Clean Metrics:
	Accuracy: 0.9857954545454546
	Precision: 0.9327731092436975
	Recall: 0.9823008849557522
	F1 Score: 0.9568965517241379
	AUC: 0.9859245616399382
Deep Neural Network Metrics:
	Accuracy: 0.8551136363636364
	Precision: 0.9230769230769231
	Recall: 0.10619469026548672
	F1 Score: 0.19047619047619047
	AUC: 0.8398544539778087
