all 10%
Tree Metrics:
	Accuracy: 0.9943181818181818
	Precision: 0.9823008849557522
	Recall: 0.9823008849557522
	F1 Score: 0.9823008849557522
	AUC: 0.9902445233068297
Tree Clean Metrics:
	Accuracy: 0.9957386363636364
	Precision: 0.9741379310344828
	Recall: 1.0
	F1 Score: 0.9868995633187773
	AUC: 0.9991090546995492
Deep Neural Network Metrics:
	Accuracy: 0.9332386363636364
	Precision: 0.8
	Recall: 0.7787610619469026
	F1 Score: 0.7892376681614349
	AUC: 0.8867975382956739
