null 30%
Tree Metrics:
	Accuracy: 0.9914772727272727
	Precision: 0.9652173913043478
	Recall: 0.9823008849557522
	F1 Score: 0.9736842105263158
	AUC: 0.9971624515220939
Tree Clean Metrics:
	Accuracy: 0.9886363636363636
	Precision: 0.9487179487179487
	Recall: 0.9823008849557522
	F1 Score: 0.9652173913043478
	AUC: 0.9995732446880194
Deep Neural Network Metrics:
	Accuracy: 0.9275568181818182
	Precision: 0.7540983606557377
	Recall: 0.8141592920353983
	F1 Score: 0.7829787234042553
	AUC: 0.927616309539853
