null 10%
Tree Metrics:
	Accuracy: 0.997867803837953
	Precision: 1.0
	Recall: 0.9867549668874173
	F1 Score: 0.9933333333333333
	AUC: 0.9999831702247617
Tree Clean Metrics:
	Accuracy: 0.9914712153518124
	Precision: 0.9612903225806452
	Recall: 0.9867549668874173
	F1 Score: 0.9738562091503268
	AUC: 0.9979762195275883
Deep Neural Network Metrics:
	Accuracy: 0.9445628997867804
	Precision: 0.8322147651006712
	Recall: 0.8211920529801324
	F1 Score: 0.8266666666666667
	AUC: 0.8933076398764694
