null 70%
Tree Metrics:
	Accuracy: 0.9815340909090909
	Precision: 0.9098360655737705
	Recall: 0.9823008849557522
	F1 Score: 0.9446808510638298
	AUC: 0.9865384903343666
Tree Clean Metrics:
	Accuracy: 0.9744318181818182
	Precision: 0.8740157480314961
	Recall: 0.9823008849557522
	F1 Score: 0.925
	AUC: 0.9874668703113066
Deep Neural Network Metrics:
	Accuracy: 0.8849431818181818
	Precision: 0.6509433962264151
	Recall: 0.6106194690265486
	F1 Score: 0.6301369863013698
	AUC: 0.8790710210682359
