null 60%
Tree Metrics:
	Accuracy: 0.9872159090909091
	Precision: 0.940677966101695
	Recall: 0.9823008849557522
	F1 Score: 0.961038961038961
	AUC: 0.9979785274695656
Tree Clean Metrics:
	Accuracy: 0.9928977272727273
	Precision: 0.9736842105263158
	Recall: 0.9823008849557522
	F1 Score: 0.9779735682819384
	AUC: 0.9972672686162646
Deep Neural Network Metrics:
	Accuracy: 0.8934659090909091
	Precision: 0.7209302325581395
	Recall: 0.5486725663716814
	F1 Score: 0.6231155778894473
	AUC: 0.8946288726172829
