null 20%
Tree Metrics:
	Accuracy: 0.9971590909090909
	Precision: 1.0
	Recall: 0.9823008849557522
	F1 Score: 0.9910714285714286
	AUC: 0.9999101567764251
Tree Clean Metrics:
	Accuracy: 0.9872159090909091
	Precision: 0.940677966101695
	Recall: 0.9823008849557522
	F1 Score: 0.961038961038961
	AUC: 0.9997753919410628
Deep Neural Network Metrics:
	Accuracy: 0.828125
	Precision: 0.4797979797979798
	Recall: 0.8407079646017699
	F1 Score: 0.6109324758842444
	AUC: 0.852312714313523
