null 50%
Tree Metrics:
	Accuracy: 0.9943181818181818
	Precision: 0.9823008849557522
	Recall: 0.9823008849557522
	F1 Score: 0.9823008849557522
	AUC: 0.9976491023164578
Tree Clean Metrics:
	Accuracy: 0.9815340909090909
	Precision: 0.8968253968253969
	Recall: 1.0
	F1 Score: 0.9456066945606695
	AUC: 0.9998951829058292
Deep Neural Network Metrics:
	Accuracy: 0.9119318181818182
	Precision: 0.7217391304347827
	Recall: 0.7345132743362832
	F1 Score: 0.7280701754385965
	AUC: 0.917733554946618
