null 40%
Tree Metrics:
	Accuracy: 0.9943181818181818
	Precision: 0.9658119658119658
	Recall: 1.0
	F1 Score: 0.9826086956521739
	AUC: 0.9980009882754592
Tree Clean Metrics:
	Accuracy: 0.9914772727272727
	Precision: 0.9572649572649573
	Recall: 0.9911504424778761
	F1 Score: 0.9739130434782609
	AUC: 0.9996705748468923
Deep Neural Network Metrics:
	Accuracy: 0.9147727272727273
	Precision: 0.712
	Recall: 0.7876106194690266
	F1 Score: 0.7478991596638656
	AUC: 0.9208481200305467
