null 90%
Tree Metrics:
	Accuracy: 0.9673295454545454
	Precision: 0.95
	Recall: 0.8407079646017699
	F1 Score: 0.892018779342723
	AUC: 0.9434886123714119
Tree Clean Metrics:
	Accuracy: 0.9715909090909091
	Precision: 0.911504424778761
	Recall: 0.911504424778761
	F1 Score: 0.911504424778761
	AUC: 0.94899899675067
Deep Neural Network Metrics:
	Accuracy: 0.8394886363636364
	Precision: 0.0
	Recall: 0.0
	F1 Score: 0.0
	AUC: 0.5
