null 80%
Tree Metrics:
	Accuracy: 0.9602272727272727
	Precision: 0.8195488721804511
	Recall: 0.9646017699115044
	F1 Score: 0.8861788617886179
	AUC: 0.9812227662728539
Tree Clean Metrics:
	Accuracy: 0.9573863636363636
	Precision: 0.8074074074074075
	Recall: 0.9646017699115044
	F1 Score: 0.8790322580645161
	AUC: 0.9887920578590359
Deep Neural Network Metrics:
	Accuracy: 0.8849431818181818
	Precision: 0.6379310344827587
	Recall: 0.6548672566371682
	F1 Score: 0.6462882096069869
	AUC: 0.8810026503750955
