null 80%
Tree Metrics:
	Accuracy: 0.9744318181818182
	Precision: 0.9279279279279279
	Recall: 0.911504424778761
	F1 Score: 0.9196428571428571
	AUC: 0.9458395100549541
Tree Clean Metrics:
	Accuracy: 0.9744318181818182
	Precision: 0.9279279279279279
	Recall: 0.911504424778761
	F1 Score: 0.9196428571428571
	AUC: 0.9454651632900588
Deep Neural Network Metrics:
	Accuracy: 0.16051136363636365
	Precision: 0.16051136363636365
	Recall: 1.0
	F1 Score: 0.2766217870257038
	AUC: 0.5
