null 90%
Tree Metrics:
	Accuracy: 0.9928977272727273
	Precision: 0.9736842105263158
	Recall: 0.9823008849557522
	F1 Score: 0.9779735682819384
	AUC: 0.9895931599359118
Tree Clean Metrics:
	Accuracy: 0.9673295454545454
	Precision: 0.8409090909090909
	Recall: 0.9823008849557522
	F1 Score: 0.9061224489795918
	AUC: 0.9863513169519189
Deep Neural Network Metrics:
	Accuracy: 0.8821022727272727
	Precision: 0.6595744680851063
	Recall: 0.5486725663716814
	F1 Score: 0.5990338164251208
	AUC: 0.8859140799305213
