oi 10%
Tree Metrics:
	Accuracy: 0.9928977272727273
	Precision: 0.990909090909091
	Recall: 0.9646017699115044
	F1 Score: 0.9775784753363229
	AUC: 0.9813949657847056
Tree Clean Metrics:
	Accuracy: 0.9943181818181818
	Precision: 0.9739130434782609
	Recall: 0.9911504424778761
	F1 Score: 0.9824561403508771
	AUC: 0.9945270502972313
Deep Neural Network Metrics:
	Accuracy: 0.9346590909090909
	Precision: 0.819047619047619
	Recall: 0.7610619469026548
	F1 Score: 0.7889908256880734
	AUC: 0.889013671143854
