oi 20%
Tree Metrics:
	Accuracy: 0.9914772727272727
	Precision: 0.9652173913043478
	Recall: 0.9823008849557522
	F1 Score: 0.9736842105263158
	AUC: 0.9898851504125301
Tree Clean Metrics:
	Accuracy: 0.9829545454545454
	Precision: 0.9105691056910569
	Recall: 0.9911504424778761
	F1 Score: 0.9491525423728814
	AUC: 0.9903268795951066
Deep Neural Network Metrics:
	Accuracy: 0.9417613636363636
	Precision: 0.8461538461538461
	Recall: 0.7787610619469026
	F1 Score: 0.8110599078341014
	AUC: 0.8877408921432101
