oi 30%
Tree Metrics:
	Accuracy: 0.9857954545454546
	Precision: 0.9327731092436975
	Recall: 0.9823008849557522
	F1 Score: 0.9568965517241379
	AUC: 0.9975592590928829
Tree Clean Metrics:
	Accuracy: 0.9943181818181818
	Precision: 0.9823008849557522
	Recall: 0.9823008849557522
	F1 Score: 0.9823008849557522
	AUC: 0.9978587365047992
Deep Neural Network Metrics:
	Accuracy: 0.9247159090909091
	Precision: 0.7631578947368421
	Recall: 0.7699115044247787
	F1 Score: 0.7665198237885462
	AUC: 0.917194495605169
