oi 40%
Tree Metrics:
	Accuracy: 0.9872159090909091
	Precision: 0.9262295081967213
	Recall: 1.0
	F1 Score: 0.9617021276595744
	AUC: 0.9990192114759744
Tree Clean Metrics:
	Accuracy: 0.9815340909090909
	Precision: 0.9098360655737705
	Recall: 0.9823008849557522
	F1 Score: 0.9446808510638298
	AUC: 0.995350613180001
Deep Neural Network Metrics:
	Accuracy: 0.9105113636363636
	Precision: 0.7232142857142857
	Recall: 0.7168141592920354
	F1 Score: 0.72
	AUC: 0.9249060389620113
