oi 50%
Tree Metrics:
	Accuracy: 0.9957386363636364
	Precision: 0.9910714285714286
	Recall: 0.9823008849557522
	F1 Score: 0.9866666666666667
	AUC: 0.9995807316233173
Tree Clean Metrics:
	Accuracy: 0.9900568181818182
	Precision: 0.9416666666666667
	Recall: 1.0
	F1 Score: 0.9699570815450643
	AUC: 0.9998502612940419
Deep Neural Network Metrics:
	Accuracy: 0.9019886363636364
	Precision: 0.7391304347826086
	Recall: 0.6017699115044248
	F1 Score: 0.6634146341463415
	AUC: 0.9009777937499064
