oi 60%
Tree Metrics:
	Accuracy: 0.9857954545454546
	Precision: 0.9327731092436975
	Recall: 0.9823008849557522
	F1 Score: 0.9568965517241379
	AUC: 0.9970576344279233
Tree Clean Metrics:
	Accuracy: 0.9772727272727273
	Precision: 0.888
	Recall: 0.9823008849557522
	F1 Score: 0.9327731092436975
	AUC: 0.9887097015707591
Deep Neural Network Metrics:
	Accuracy: 0.8892045454545454
	Precision: 0.6356589147286822
	Recall: 0.7256637168141593
	F1 Score: 0.6776859504132231
	AUC: 0.8949732716409865
