oi 70%
Tree Metrics:
	Accuracy: 0.9588068181818182
	Precision: 0.9565217391304348
	Recall: 0.7787610619469026
	F1 Score: 0.8585365853658536
	AUC: 0.9812751748199392
Tree Clean Metrics:
	Accuracy: 0.9588068181818182
	Precision: 0.9565217391304348
	Recall: 0.7787610619469026
	F1 Score: 0.8585365853658536
	AUC: 0.9813949657847056
Deep Neural Network Metrics:
	Accuracy: 0.8394886363636364
	Precision: 0.0
	Recall: 0.0
	F1 Score: 0.0
	AUC: 0.5
