oi 70%
Tree Metrics:
	Accuracy: 0.9872159090909091
	Precision: 0.940677966101695
	Recall: 0.9823008849557522
	F1 Score: 0.961038961038961
	AUC: 0.9982106224638007
Tree Clean Metrics:
	Accuracy: 0.9801136363636364
	Precision: 0.889763779527559
	Recall: 1.0
	F1 Score: 0.9416666666666667
	AUC: 0.9947142236796789
Deep Neural Network Metrics:
	Accuracy: 0.8849431818181818
	Precision: 0.626984126984127
	Recall: 0.6991150442477876
	F1 Score: 0.6610878661087866
	AUC: 0.8977434377012113
