oi 80%
Tree Metrics:
	Accuracy: 0.9474431818181818
	Precision: 0.8275862068965517
	Recall: 0.8495575221238938
	F1 Score: 0.8384279475982532
	AUC: 0.9411601754937633
Tree Clean Metrics:
	Accuracy: 0.9460227272727273
	Precision: 0.8205128205128205
	Recall: 0.8495575221238938
	F1 Score: 0.8347826086956521
	AUC: 0.9411676624290611
Deep Neural Network Metrics:
	Accuracy: 0.16051136363636365
	Precision: 0.16051136363636365
	Recall: 1.0
	F1 Score: 0.2766217870257038
	AUC: 0.5
