oi 80%
Tree Metrics:
	Accuracy: 0.9630681818181818
	Precision: 0.8222222222222222
	Recall: 0.9823008849557522
	F1 Score: 0.8951612903225806
	AUC: 0.9929023853375858
Tree Clean Metrics:
	Accuracy: 0.9772727272727273
	Precision: 0.875968992248062
	Recall: 1.0
	F1 Score: 0.9338842975206612
	AUC: 0.9982181093990985
Deep Neural Network Metrics:
	Accuracy: 0.8920454545454546
	Precision: 0.6554621848739496
	Recall: 0.6902654867256637
	F1 Score: 0.6724137931034483
	AUC: 0.8956620696883939
