oi 90%
Tree Metrics:
	Accuracy: 0.984375
	Precision: 0.9396551724137931
	Recall: 0.9646017699115044
	F1 Score: 0.9519650655021834
	AUC: 0.9751209140050612
Tree Clean Metrics:
	Accuracy: 0.9886363636363636
	Precision: 0.9646017699115044
	Recall: 0.9646017699115044
	F1 Score: 0.9646017699115044
	AUC: 0.9837832981447374
Deep Neural Network Metrics:
	Accuracy: 0.8579545454545454
	Precision: 0.54421768707483
	Recall: 0.7079646017699115
	F1 Score: 0.6153846153846154
	AUC: 0.8700417770989624
