in 10%
Tree Metrics:
	Accuracy: 0.9971590909090909
	Precision: 1.0
	Recall: 0.9823008849557522
	F1 Score: 0.9910714285714286
	AUC: 0.9910605992543012
Tree Clean Metrics:
	Accuracy: 0.9886363636363636
	Precision: 0.9487179487179487
	Recall: 0.9823008849557522
	F1 Score: 0.9652173913043478
	AUC: 0.9860743003458964
Deep Neural Network Metrics:
	Accuracy: 0.9389204545454546
	Precision: 0.8301886792452831
	Recall: 0.7787610619469026
	F1 Score: 0.8036529680365296
	AUC: 0.8932662503930641
