in 20%
Tree Metrics:
	Accuracy: 0.9943181818181818
	Precision: 0.9739130434782609
	Recall: 0.9911504424778761
	F1 Score: 0.9824561403508771
	AUC: 0.994706736744381
Tree Clean Metrics:
	Accuracy: 0.9857954545454546
	Precision: 0.9186991869918699
	Recall: 1.0
	F1 Score: 0.9576271186440678
	AUC: 0.9990791069583577
Deep Neural Network Metrics:
	Accuracy: 0.9275568181818182
	Precision: 0.803921568627451
	Recall: 0.7256637168141593
	F1 Score: 0.7627906976744186
	AUC: 0.8857343934833717
