in 20%
Tree Metrics:
	Accuracy: 0.9673295454545454
	Precision: 0.95
	Recall: 0.8407079646017699
	F1 Score: 0.892018779342723
	AUC: 0.9302891454412051
Tree Clean Metrics:
	Accuracy: 0.9673295454545454
	Precision: 0.95
	Recall: 0.8407079646017699
	F1 Score: 0.892018779342723
	AUC: 0.931868888789063
Deep Neural Network Metrics:
	Accuracy: 0.8394886363636364
	Precision: 0.0
	Recall: 0.0
	F1 Score: 0.0
	AUC: 0.5
