in 30%
Tree Metrics:
	Accuracy: 0.9758522727272727
	Precision: 0.9363636363636364
	Recall: 0.911504424778761
	F1 Score: 0.9237668161434978
	AUC: 0.9503241842983993
Tree Clean Metrics:
	Accuracy: 0.9758522727272727
	Precision: 0.9363636363636364
	Recall: 0.911504424778761
	F1 Score: 0.9237668161434978
	AUC: 0.9503241842983993
Deep Neural Network Metrics:
	Accuracy: 0.16051136363636365
	Precision: 0.16051136363636365
	Recall: 1.0
	F1 Score: 0.2766217870257038
	AUC: 0.5
