in 30%
Tree Metrics:
	Accuracy: 0.9957386363636364
	Precision: 0.9910714285714286
	Recall: 0.9823008849557522
	F1 Score: 0.9866666666666667
	AUC: 0.9989892637347828
Tree Clean Metrics:
	Accuracy: 0.9971590909090909
	Precision: 1.0
	Recall: 0.9823008849557522
	F1 Score: 0.9910714285714286
	AUC: 0.9998802090352334
Deep Neural Network Metrics:
	Accuracy: 0.9190340909090909
	Precision: 0.75
	Recall: 0.7433628318584071
	F1 Score: 0.7466666666666667
	AUC: 0.9280355779165358
