in 40%
Tree Metrics:
	Accuracy: 0.9815340909090909
	Precision: 0.9098360655737705
	Recall: 0.9823008849557522
	F1 Score: 0.9446808510638298
	AUC: 0.990761121842385
Tree Clean Metrics:
	Accuracy: 0.9957386363636364
	Precision: 0.9910714285714286
	Recall: 0.9823008849557522
	F1 Score: 0.9866666666666667
	AUC: 0.998884446640612
Deep Neural Network Metrics:
	Accuracy: 0.9105113636363636
	Precision: 0.7049180327868853
	Recall: 0.7610619469026548
	F1 Score: 0.7319148936170212
	AUC: 0.9192009942650076
