in 50%
Tree Metrics:
	Accuracy: 0.9957386363636364
	Precision: 0.9741379310344828
	Recall: 1.0
	F1 Score: 0.9868995633187773
	AUC: 0.9999700522588084
Tree Clean Metrics:
	Accuracy: 0.9971590909090909
	Precision: 1.0
	Recall: 0.9823008849557522
	F1 Score: 0.9910714285714286
	AUC: 0.9994160190467634
Deep Neural Network Metrics:
	Accuracy: 0.9034090909090909
	Precision: 0.7368421052631579
	Recall: 0.6194690265486725
	F1 Score: 0.6730769230769231
	AUC: 0.9006633424673943
