in 60%
Tree Metrics:
	Accuracy: 0.9943181818181818
	Precision: 0.9823008849557522
	Recall: 0.9823008849557522
	F1 Score: 0.9823008849557522
	AUC: 0.9999101567764251
Tree Clean Metrics:
	Accuracy: 0.9928977272727273
	Precision: 0.9655172413793104
	Recall: 0.9911504424778761
	F1 Score: 0.9781659388646288
	AUC: 0.9970426605573274
Deep Neural Network Metrics:
	Accuracy: 0.8835227272727273
	Precision: 0.6302521008403361
	Recall: 0.6637168141592921
	F1 Score: 0.646551724137931
	AUC: 0.8921282362277825
