in 70%
Tree Metrics:
	Accuracy: 0.9943181818181818
	Precision: 0.9823008849557522
	Recall: 0.9823008849557522
	F1 Score: 0.9823008849557522
	AUC: 0.9981507269814174
Tree Clean Metrics:
	Accuracy: 0.9829545454545454
	Precision: 0.9173553719008265
	Recall: 0.9823008849557522
	F1 Score: 0.9487179487179487
	AUC: 0.9970576344279232
Deep Neural Network Metrics:
	Accuracy: 0.890625
	Precision: 0.6428571428571429
	Recall: 0.7168141592920354
	F1 Score: 0.6778242677824268
	AUC: 0.9001692047377327
