in 80%
Tree Metrics:
	Accuracy: 0.9289772727272727
	Precision: 0.6956521739130435
	Recall: 0.9911504424778761
	F1 Score: 0.8175182481751825
	AUC: 0.981222766272854
Tree Clean Metrics:
	Accuracy: 0.9346590909090909
	Precision: 0.7133757961783439
	Recall: 0.9911504424778761
	F1 Score: 0.8296296296296296
	AUC: 0.9899600197655092
Deep Neural Network Metrics:
	Accuracy: 0.8806818181818182
	Precision: 0.6239316239316239
	Recall: 0.6460176991150443
	F1 Score: 0.6347826086956522
	AUC: 0.8903313717562853
