in 90%
Tree Metrics:
	Accuracy: 0.9588068181818182
	Precision: 0.8
	Recall: 0.9911504424778761
	F1 Score: 0.8853754940711462
	AUC: 0.9718865579563661
Tree Clean Metrics:
	Accuracy: 0.9801136363636364
	Precision: 0.9159663865546218
	Recall: 0.9646017699115044
	F1 Score: 0.9396551724137931
	AUC: 0.9892337870416124
Deep Neural Network Metrics:
	Accuracy: 0.8835227272727273
	Precision: 0.6631578947368421
	Recall: 0.5575221238938053
	F1 Score: 0.6057692307692307
	AUC: 0.884820987377027
