outlier 70%
Tree Metrics:
	Accuracy: 0.9630681818181818
	Precision: 0.9223300970873787
	Recall: 0.8407079646017699
	F1 Score: 0.8796296296296297
	AUC: 0.9112348951080365
Tree Clean Metrics:
	Accuracy: 0.9630681818181818
	Precision: 0.9223300970873787
	Recall: 0.8407079646017699
	F1 Score: 0.8796296296296297
	AUC: 0.9112348951080365
Deep Neural Network Metrics:
	Accuracy: 0.16051136363636365
	Precision: 0.16051136363636365
	Recall: 1.0
	F1 Score: 0.2766217870257038
	AUC: 0.5
