outlier 70%
Tree Metrics:
	Accuracy: 0.9857954545454546
	Precision: 0.9327731092436975
	Recall: 0.9823008849557522
	F1 Score: 0.9568965517241379
	AUC: 0.99242322147852
Tree Clean Metrics:
	Accuracy: 0.984375
	Precision: 0.925
	Recall: 0.9823008849557522
	F1 Score: 0.9527896995708155
	AUC: 0.9873920009583278
Deep Neural Network Metrics:
	Accuracy: 0.875
	Precision: 0.6050420168067226
	Recall: 0.6371681415929203
	F1 Score: 0.6206896551724138
	AUC: 0.8885345072847881
