outlier 20%
Tree Metrics:
	Accuracy: 0.9971590909090909
	Precision: 1.0
	Recall: 0.9823008849557522
	F1 Score: 0.9910714285714286
	AUC: 0.9911204947366844
Tree Clean Metrics:
	Accuracy: 0.9943181818181818
	Precision: 0.9658119658119658
	Recall: 1.0
	F1 Score: 0.9826086956521739
	AUC: 0.9983079526226735
Deep Neural Network Metrics:
	Accuracy: 0.9360795454545454
	Precision: 0.84
	Recall: 0.7433628318584071
	F1 Score: 0.7887323943661971
	AUC: 0.8865130347543536
