outlier 30%
Tree Metrics:
	Accuracy: 0.9971590909090909
	Precision: 1.0
	Recall: 0.9823008849557522
	F1 Score: 0.9910714285714286
	AUC: 0.999760418070467
Tree Clean Metrics:
	Accuracy: 0.9914772727272727
	Precision: 0.9572649572649573
	Recall: 0.9911504424778761
	F1 Score: 0.9739130434782609
	AUC: 0.9946618151325937
Deep Neural Network Metrics:
	Accuracy: 0.9289772727272727
	Precision: 0.752
	Recall: 0.831858407079646
	F1 Score: 0.7899159663865546
	AUC: 0.9319587320126379
