outlier 40%
Tree Metrics:
	Accuracy: 0.9872159090909091
	Precision: 0.940677966101695
	Recall: 0.9823008849557522
	F1 Score: 0.961038961038961
	AUC: 0.9981956485932049
Tree Clean Metrics:
	Accuracy: 0.9900568181818182
	Precision: 0.9416666666666667
	Recall: 1.0
	F1 Score: 0.9699570815450643
	AUC: 0.999850261294042
Deep Neural Network Metrics:
	Accuracy: 0.9190340909090909
	Precision: 0.7413793103448276
	Recall: 0.7610619469026548
	F1 Score: 0.7510917030567685
	AUC: 0.9220160819370199
