outlier 20%
Tree Metrics:
	Accuracy: 0.96875
	Precision: 0.9595959595959596
	Recall: 0.8407079646017699
	F1 Score: 0.8962264150943396
	AUC: 0.9143344863213693
Tree Clean Metrics:
	Accuracy: 0.96875
	Precision: 0.9595959595959596
	Recall: 0.8407079646017699
	F1 Score: 0.8962264150943396
	AUC: 0.9143344863213693
Deep Neural Network Metrics:
	Accuracy: 0.8394886363636364
	Precision: 0.0
	Recall: 0.0
	F1 Score: 0.0
	AUC: 0.5
