outlier 10%
Tree Metrics:
	Accuracy: 0.997867803837953
	Precision: 1.0
	Recall: 0.9867549668874173
	F1 Score: 0.9933333333333333
	AUC: 0.9998148724723782
Tree Clean Metrics:
	Accuracy: 0.9946695095948828
	Precision: 0.9932432432432432
	Recall: 0.9735099337748344
	F1 Score: 0.9832775919732442
	AUC: 0.9998611543542836
Deep Neural Network Metrics:
	Accuracy: 0.8422174840085288
	Precision: 0.5055350553505535
	Recall: 0.9072847682119205
	F1 Score: 0.6492890995260664
	AUC: 0.8584700051330815
