outlier 60%
Tree Metrics:
	Accuracy: 0.9758522727272727
	Precision: 0.9363636363636364
	Recall: 0.911504424778761
	F1 Score: 0.9237668161434978
	AUC: 0.9498225596334395
Tree Clean Metrics:
	Accuracy: 0.9744318181818182
	Precision: 0.9279279279279279
	Recall: 0.911504424778761
	F1 Score: 0.9196428571428571
	AUC: 0.9501220370453558
Deep Neural Network Metrics:
	Accuracy: 0.8394886363636364
	Precision: 0.0
	Recall: 0.0
	F1 Score: 0.0
	AUC: 0.5
