outlier 60%
Tree Metrics:
	Accuracy: 0.96875
	Precision: 0.837037037037037
	Recall: 1.0
	F1 Score: 0.9112903225806451
	AUC: 0.9995807316233173
Tree Clean Metrics:
	Accuracy: 0.9715909090909091
	Precision: 0.8604651162790697
	Recall: 0.9823008849557522
	F1 Score: 0.9173553719008265
	AUC: 0.996840513304284
Deep Neural Network Metrics:
	Accuracy: 0.8977272727272727
	Precision: 0.6814159292035398
	Recall: 0.6814159292035398
	F1 Score: 0.6814159292035398
	AUC: 0.9079256697063623
