outlier 90%
Tree Metrics:
	Accuracy: 0.9900568181818182
	Precision: 0.9568965517241379
	Recall: 0.9823008849557522
	F1 Score: 0.9694323144104804
	AUC: 0.9886797538295673
Tree Clean Metrics:
	Accuracy: 0.9928977272727273
	Precision: 0.9736842105263158
	Recall: 0.9823008849557522
	F1 Score: 0.9779735682819384
	AUC: 0.9883054070646722
Deep Neural Network Metrics:
	Accuracy: 0.8693181818181818
	Precision: 0.6060606060606061
	Recall: 0.5309734513274337
	F1 Score: 0.5660377358490566
	AUC: 0.8626446850246321
