outlier 50%
Tree Metrics:
	Accuracy: 0.9957386363636364
	Precision: 0.9910714285714286
	Recall: 0.9823008849557522
	F1 Score: 0.9866666666666667
	AUC: 0.9987796295464414
Tree Clean Metrics:
	Accuracy: 0.9886363636363636
	Precision: 0.9487179487179487
	Recall: 0.9823008849557522
	F1 Score: 0.9652173913043478
	AUC: 0.9872722099935611
Deep Neural Network Metrics:
	Accuracy: 0.9133522727272727
	Precision: 0.7063492063492064
	Recall: 0.7876106194690266
	F1 Score: 0.7447698744769874
	AUC: 0.9158318733809502
