outlier 80%
Tree Metrics:
	Accuracy: 0.9872159090909091
	Precision: 0.9482758620689655
	Recall: 0.9734513274336283
	F1 Score: 0.9606986899563319
	AUC: 0.9819714598026444
Tree Clean Metrics:
	Accuracy: 0.9673295454545454
	Precision: 0.8515625
	Recall: 0.9646017699115044
	F1 Score: 0.9045643153526971
	AUC: 0.9865684380755582
Deep Neural Network Metrics:
	Accuracy: 0.875
	Precision: 0.6050420168067226
	Recall: 0.6371681415929203
	F1 Score: 0.6206896551724138
	AUC: 0.8755072398664331
