outlier 80%
Tree Metrics:
	Accuracy: 0.9772727272727273
	Precision: 0.944954128440367
	Recall: 0.911504424778761
	F1 Score: 0.9279279279279279
	AUC: 0.9477786262971115
Tree Clean Metrics:
	Accuracy: 0.96875
	Precision: 0.9595959595959596
	Recall: 0.8407079646017699
	F1 Score: 0.8962264150943396
	AUC: 0.9443271491247771
Deep Neural Network Metrics:
	Accuracy: 0.8394886363636364
	Precision: 0.0
	Recall: 0.0
	F1 Score: 0.0
	AUC: 0.5
